2.000000000000000000e+00 5.374827290403408142e+02 2.000000000000000000e+00 5.298973324999999477e+02 2.000000000000000000e+00 5.600900000000000318e+02 2.000000000000000000e+00 9.797862959820159858e+02 2.000000000000000000e+00 2.582071852000000035e+03 2.299999999999999822e+00 2.032599999999999909e+02
2.049999999999999822e+00 4.161757837514270477e+02 2.049999999999999822e+00 3.976602254000000016e+02 2.100000000000000089e+00 3.439399999999999977e+02 2.049999999999999822e+00 6.572780115026288286e+02 2.049999999999999822e+00 2.115361101999999846e+03 2.399999999999999911e+00 -3.593999999999999773e+01
2.100000000000000089e+00 3.201011510507616435e+02 2.100000000000000089e+00 2.925987168999999994e+02 2.200000000000000178e+00 2.069000000000000057e+02 2.100000000000000089e+00 4.205349481683318800e+02 2.100000000000000089e+00 1.714434183999999959e+03 2.500000000000000000e+00 -1.943400000000000034e+02
2.149999999999999911e+00 2.442419601907936624e+02 2.149999999999999911e+00 2.094093654000000129e+02 2.299999999999999822e+00 1.206400000000000006e+02 2.149999999999999911e+00 2.469043463218922909e+02 2.149999999999999911e+00 1.371164627999999993e+03 2.700000000000000178e+00 -3.518100000000000023e+02
2.200000000000000178e+00 1.845462826816831523e+02 2.200000000000000178e+00 1.441291946000000053e+02 2.399999999999999911e+00 6.662999999999999545e+01 2.200000000000000178e+00 1.199166438207538476e+02 2.200000000000000178e+00 1.078264345999999932e+03 2.700000000000000178e+00 -3.518100000000000023e+02
2.250000000000000000e+00 1.377469257208067859e+02 2.250000000000000000e+00 9.322468170000000498e+01 2.500000000000000000e+00 3.300000000000000000e+01 2.250000000000000000e+00 2.752478838256088522e+01 2.250000000000000000e+00 8.292457405000000108e+02 2.799999999999999822e+00 -3.801700000000000159e+02
2.299999999999999822e+00 1.012139151622063906e+02 2.299999999999999822e+00 5.368333308999999787e+01 2.600000000000000089e+00 1.225000000000000000e+01 2.299999999999999822e+00 -3.913281744779649074e+01 2.299999999999999822e+00 6.183853887999999870e+02 2.799999999999999822e+00 -3.801700000000000159e+02
2.350000000000000089e+00 7.283391282657908050e+01 2.350000000000000089e+00 2.344313783999999856e+01 2.700000000000000178e+00 -2.200000000000000011e-01 2.350000000000000089e+00 -8.660814692051209818e+01 2.350000000000000089e+00 4.406624681999999780e+02 2.859999999999999876e+00 -3.870099999999999909e+02
2.399999999999999911e+00 5.091179576644316995e+01 2.399999999999999911e+00 7.152304310000000553e-01 2.799999999999999822e+00 -7.299999999999999822e+00 2.399999999999999911e+00 -1.197681509363946759e+02 2.399999999999999911e+00 2.916798115000000280e+02 2.870000000000000107e+00 -3.875500000000000114e+02
2.450000000000000178e+00 3.409044496494610144e+01 2.450000000000000178e+00 -1.623241515000000135e+01 2.899999999999999911e+00 -1.084999999999999964e+01 2.450000000000000178e+00 -1.422432709852668324e+02 2.450000000000000178e+00 1.675344393999999966e+02 2.879999999999999893e+00 -3.879399999999999977e+02
2.500000000000000000e+00 2.128547416087418753e+01 2.500000000000000000e+00 -2.854448336999999825e+01 2.910000000000000142e+00 -1.106000000000000050e+01 2.500000000000000000e+00 -1.567516142194431268e+02 2.500000000000000000e+00 6.477493081000000075e+01 2.899999999999999911e+00 -3.883000000000000114e+02
2.549999999999999822e+00 1.163219823279820275e+01 2.549999999999999822e+00 -3.702620052999999700e+01 2.919999999999999929e+00 -1.125000000000000000e+01 2.549999999999999822e+00 -1.653347125543197365e+02 2.549999999999999822e+00 -1.965383754999999866e+01 2.899999999999999911e+00 -3.883000000000000114e+02
2.600000000000000089e+00 4.442613498446025488e+00 2.600000000000000089e+00 -4.265331147999999928e+01 2.930000000000000160e+00 -1.141999999999999993e+01 2.600000000000000089e+00 -1.695299867992424936e+02 2.600000000000000089e+00 -8.840911257000000489e+01 2.919999999999999929e+00 -3.881100000000000136e+02
2.649999999999999911e+00 -8.294449320927815839e-01 2.649999999999999911e+00 -4.613631000000000171e+01 2.939999999999999947e+00 -1.157000000000000028e+01 2.649999999999999911e+00 -1.704976090729096541e+02 2.649999999999999911e+00 -1.437660533000000100e+02 2.930000000000000160e+00 -3.878199999999999932e+02
2.700000000000000178e+00 -4.616477804480478397e+00 2.700000000000000178e+00 -4.777834012999999658e+01 2.950000000000000178e+00 -1.169999999999999929e+01 2.700000000000000178e+00 -1.691143103460094608e+02 2.700000000000000178e+00 -1.876572028999999873e+02 2.939999999999999947e+00 -3.874200000000000159e+02
2.750000000000000000e+00 -7.260067543579613591e+00 2.750000000000000000e+00 -4.805780103000000025e+01 2.959999999999999964e+00 -1.182000000000000028e+01 2.750000000000000000e+00 -1.660430885592379013e+02 2.750000000000000000e+00 -2.217419591000000025e+02 2.950000000000000178e+00 -3.868999999999999773e+02
2.799999999999999822e+00 -9.029211195530576717e+00 2.799999999999999822e+00 -4.747519609999999801e+01 2.970000000000000195e+00 -1.191999999999999993e+01 2.799999999999999822e+00 -1.617852492706907697e+02 2.799999999999999822e+00 -2.474744657999999902e+02 3.000000000000000000e+00 -3.827300000000000182e+02
2.850000000000000089e+00 -1.013507207005742394e+01 2.850000000000000089e+00 -4.612841561999999840e+01 2.979999999999999982e+00 -1.200000000000000000e+01 2.850000000000000089e+00 -1.567194259509836058e+02 2.850000000000000089e+00 -2.662046614000000204e+02 3.100000000000000089e+00 -3.680799999999999841e+02
2.899999999999999911e+00 -1.074282964671971285e+01 2.899999999999999911e+00 -4.417376821999999947e+01 2.990000000000000213e+00 -1.207000000000000028e+01 2.899999999999999911e+00 -1.511309566652245451e+02 2.899999999999999911e+00 -2.791261754000000224e+02 3.100000000000000089e+00 -3.680799999999999841e+02
2.950000000000000178e+00 -1.098118216664630253e+01 2.950000000000000178e+00 -4.196492192000000188e+01 3.000000000000000000e+00 -1.211999999999999922e+01 2.950000000000000178e+00 -1.452340841854937707e+02 2.950000000000000178e+00 -2.872605401000000143e+02 3.200000000000000178e+00 -3.475400000000000205e+02
3.000000000000000000e+00 -1.094995348680479808e+01 3.000000000000000000e+00 -3.956976835999999764e+01 3.009999999999999787e+00 -1.216000000000000014e+01 3.000000000000000000e+00 -1.391887913686706497e+02 3.000000000000000000e+00 -2.914240338000000179e+02 3.200000000000000178e+00 -3.475400000000000205e+02
3.049999999999999822e+00 -1.072617139863955060e+01 3.049999999999999822e+00 -3.695988778000000252e+01 3.020000000000000018e+00 -1.218999999999999950e+01 3.049999999999999822e+00 -1.331136090834455672e+02 3.049999999999999822e+00 -2.922387332999999785e+02 3.299999999999999822e+00 -3.233999999999999773e+02
3.100000000000000089e+00 -1.036891550965767017e+01 3.100000000000000089e+00 -3.434684945000000056e+01 3.029999999999999805e+00 -1.219999999999999929e+01 3.100000000000000089e+00 -1.270953884223982868e+02 3.100000000000000089e+00 -2.902477718000000095e+02 3.500000000000000000e+00 -2.703600000000000136e+02
3.149999999999999911e+00 -9.923176289112721093e+00 3.149999999999999911e+00 -3.182696474999999836e+01 3.040000000000000036e+00 -1.221000000000000085e+01 3.149999999999999911e+00 -1.211967760268081662e+02 3.149999999999999911e+00 -2.859737569000000121e+02 4.000000000000000000e+00 -1.498499999999999943e+02
3.200000000000000178e+00 -9.422920767793698360e+00 3.200000000000000178e+00 -2.930550118000000026e+01 3.049999999999999822e+00 -1.219999999999999929e+01 3.200000000000000178e+00 -1.154619453328953682e+02 3.200000000000000178e+00 -2.799282440000000065e+02 5.000000000000000000e+00 -3.834000000000000341e+01
3.250000000000000000e+00 -8.893522812638286368e+00 3.250000000000000000e+00 -2.686613910999999888e+01 3.060000000000000053e+00 -1.217999999999999972e+01 3.250000000000000000e+00 -1.099209990790885456e+02 3.250000000000000000e+00 -2.725596337999999719e+02 6.000000000000000000e+00 -1.325000000000000000e+01
3.299999999999999822e+00 -8.353685339584773217e+00 3.299999999999999822e+00 -2.461150543000000113e+01 3.069999999999999840e+00 -1.215000000000000036e+01 3.299999999999999822e+00 -1.045933563614556903e+02 3.299999999999999822e+00 -2.642294886000000247e+02 8.000000000000000000e+00 -3.299999999999999822e+00
3.350000000000000089e+00 -7.816957016266870006e+00 3.350000000000000089e+00 -2.246581413999999910e+01 3.080000000000000071e+00 -1.210999999999999943e+01 3.350000000000000089e+00 -9.949036143368579133e+01 3.350000000000000089e+00 -2.551699031999999931e+02 1.000000000000000000e+01 -1.090000000000000080e+00
3.399999999999999911e+00 -7.292925893449010211e+00 3.399999999999999911e+00 -2.042432859999999906e+01 3.089999999999999858e+00 -1.207000000000000028e+01 3.399999999999999911e+00 -9.461729447719294228e+01 3.399999999999999911e+00 -2.455150817999999902e+02 0.000000000000000000e+00 0.000000000000000000e+00
3.450000000000000178e+00 -6.788156127681320484e+00 3.450000000000000178e+00 -1.856283482999999990e+01 3.100000000000000089e+00 -1.201999999999999957e+01 3.450000000000000178e+00 -8.997492174075567561e+01 3.450000000000000178e+00 -2.353929133999999976e+02 0.000000000000000000e+00 0.000000000000000000e+00
3.500000000000000000e+00 -6.306920807497609083e+00 3.500000000000000000e+00 -1.684975531999999987e+01 3.109999999999999876e+00 -1.194999999999999929e+01 3.500000000000000000e+00 -8.556069013232281861e+01 3.500000000000000000e+00 -2.250086517000000015e+02 0.000000000000000000e+00 0.000000000000000000e+00
3.549999999999999822e+00 -5.851773288455189181e+00 3.549999999999999822e+00 -1.524246044999999938e+01 3.120000000000000107e+00 -1.189000000000000057e+01 3.549999999999999822e+00 -8.136964686981964689e+01 3.549999999999999822e+00 -2.145943914000000063e+02 0.000000000000000000e+00 0.000000000000000000e+00
3.600000000000000089e+00 -5.423990900449814134e+00 3.600000000000000089e+00 -1.377884320999999979e+01 3.129999999999999893e+00 -1.181000000000000050e+01 3.600000000000000089e+00 -7.739514619559759012e+01 3.600000000000000089e+00 -2.043253875999999991e+02 0.000000000000000000e+00 0.000000000000000000e+00
3.649999999999999911e+00 -5.023918023015264467e+00 3.649999999999999911e+00 -1.245574584999999956e+01 3.140000000000000124e+00 -1.173000000000000043e+01 3.649999999999999911e+00 -7.362939097382799503e+01 3.649999999999999911e+00 -1.942679530000000057e+02 0.000000000000000000e+00 0.000000000000000000e+00
3.700000000000000178e+00 -4.651230011464254410e+00 3.700000000000000178e+00 -1.123369650999999969e+01 3.149999999999999911e+00 -1.165000000000000036e+01 3.700000000000000178e+00 -7.006384613851774645e+01 3.700000000000000178e+00 -1.843873524999999916e+02 0.000000000000000000e+00 0.000000000000000000e+00
3.750000000000000000e+00 -4.305135038541646253e+00 3.750000000000000000e+00 -1.012216841999999950e+01 3.160000000000000142e+00 -1.156000000000000050e+01 3.750000000000000000e+00 -6.668955263339080375e+01 3.750000000000000000e+00 -1.746946380999999917e+02 0.000000000000000000e+00 0.000000000000000000e+00
3.799999999999999822e+00 -3.984527381068169394e+00 3.799999999999999822e+00 -9.122740466999999853e+00 3.169999999999999929e+00 -1.146000000000000085e+01 3.799999999999999822e+00 -6.349736407772560653e+01 3.799999999999999822e+00 -1.652545437999999933e+02 0.000000000000000000e+00 0.000000000000000000e+00
3.850000000000000089e+00 -3.688102856962383935e+00 3.850000000000000089e+00 -8.214887270000000186e+00 3.180000000000000160e+00 -1.135999999999999943e+01 3.850000000000000089e+00 -6.047812344865320000e+01 3.850000000000000089e+00 -1.561633807999999988e+02 0.000000000000000000e+00 0.000000000000000000e+00
3.899999999999999911e+00 -3.414444865702310761e+00 3.899999999999999911e+00 -7.395451081000000038e+00 3.189999999999999947e+00 -1.125999999999999979e+01 3.899999999999999911e+00 -5.762279324638441125e+01 3.899999999999999911e+00 -1.474621999999999957e+02 0.000000000000000000e+00 0.000000000000000000e+00
3.950000000000000178e+00 -3.162087691965662639e+00 3.950000000000000178e+00 -6.656537522999999901e+00 3.200000000000000178e+00 -1.115000000000000036e+01 3.950000000000000178e+00 -5.492254964378402349e+01 3.950000000000000178e+00 -1.391415280999999879e+02 0.000000000000000000e+00 0.000000000000000000e+00
4.000000000000000000e+00 -2.929562306771734903e+00 4.000000000000000000e+00 -5.996567720999999906e+00 3.299999999999999822e+00 -9.939999999999999503e+00 4.000000000000000000e+00 -5.236884881761107380e+01 4.000000000000000000e+00 -1.311824186000000054e+02 0.000000000000000000e+00 0.000000000000000000e+00
4.049999999999999822e+00 -2.715428769459898639e+00 4.049999999999999822e+00 -5.399752924000000398e+00 3.399999999999999911e+00 -8.630000000000000782e+00 4.049999999999999822e+00 -4.995347186460835331e+01 4.049999999999999822e+00 -1.236180277999999930e+02 0.000000000000000000e+00 0.000000000000000000e+00
4.099999999999999645e+00 -2.518298438109214832e+00 4.099999999999999645e+00 -4.866093131999999599e+00 3.500000000000000000e+00 -7.389999999999999680e+00 4.099999999999999645e+00 -4.766855330598980345e+01 4.099999999999999645e+00 -1.164467769999999973e+02 0.000000000000000000e+00 0.000000000000000000e+00
4.150000000000000355e+00 -2.336848487955261788e+00 4.150000000000000355e+00 -4.389272844999999812e+00 3.600000000000000089e+00 -6.269999999999999574e+00 4.150000000000000355e+00 -4.550659709016149179e+01 4.150000000000000355e+00 -1.096512984999999958e+02 0.000000000000000000e+00 0.000000000000000000e+00
4.200000000000000178e+00 -2.169830678802276314e+00 4.200000000000000178e+00 -3.961397686000000196e+00 3.700000000000000178e+00 -5.280000000000000249e+00 4.200000000000000178e+00 -4.346048314759355691e+01 4.200000000000000178e+00 -1.032331711000000070e+02 0.000000000000000000e+00 0.000000000000000000e+00
4.250000000000000000e+00 -2.016075872747428832e+00 4.250000000000000000e+00 -3.580888781000000076e+00 3.799999999999999822e+00 -4.440000000000000391e+00 4.250000000000000000e+00 -4.152346688107971318e+01 4.250000000000000000e+00 -9.717344839000000434e+01 0.000000000000000000e+00 0.000000000000000000e+00
4.299999999999999822e+00 -1.874495458229536116e+00 4.299999999999999822e+00 -3.236694003999999847e+00 3.899999999999999911e+00 -3.720000000000000195e+00 4.299999999999999822e+00 -3.968917344853991835e+01 4.299999999999999822e+00 -9.144213170999999818e+01 0.000000000000000000e+00 0.000000000000000000e+00
4.349999999999999645e+00 -1.744080565906545699e+00 4.349999999999999645e+00 -2.930392229999999820e+00 4.000000000000000000e+00 -3.120000000000000107e+00 4.349999999999999645e+00 -3.795158828252230165e+01 4.349999999999999645e+00 -8.602816889999999717e+01 0.000000000000000000e+00 0.000000000000000000e+00
4.400000000000000355e+00 -1.623899750532986630e+00 4.400000000000000355e+00 -2.657246833999999946e+00 4.099999999999999645e+00 -2.600000000000000089e+00 4.400000000000000355e+00 -3.630504496616266863e+01 4.400000000000000355e+00 -8.094103323999999589e+01 0.000000000000000000e+00 0.000000000000000000e+00
4.450000000000000178e+00 -1.513095648403004034e+00 4.450000000000000178e+00 -2.409363438999999829e+00 4.200000000000000178e+00 -2.169999999999999929e+00 4.450000000000000178e+00 -3.474421133048432608e+01 4.450000000000000178e+00 -7.617914589000000092e+01 0.000000000000000000e+00 0.000000000000000000e+00
4.500000000000000000e+00 -1.410880992145613355e+00 4.500000000000000000e+00 -2.183584296999999896e+00 4.299999999999999822e+00 -1.810000000000000053e+00 4.500000000000000000e+00 -3.326407443767887173e+01 4.500000000000000000e+00 -7.171250815999999872e+01 0.000000000000000000e+00 0.000000000000000000e+00
4.549999999999999822e+00 -1.316534265843111839e+00 4.549999999999999822e+00 -1.983067155999999942e+00 4.400000000000000355e+00 -1.510000000000000009e+00 4.549999999999999822e+00 -3.185992495775737865e+01 4.549999999999999822e+00 -6.751901580000000536e+01 0.000000000000000000e+00 0.000000000000000000e+00
4.599999999999999645e+00 -1.229395207354826880e+00 4.599999999999999645e+00 -1.799917640999999957e+00 4.500000000000000000e+00 -1.270000000000000018e+00 4.599999999999999645e+00 -3.052734132256804500e+01 4.599999999999999645e+00 -6.355446040000000352e+01 0.000000000000000000e+00 0.000000000000000000e+00
4.650000000000000355e+00 -1.148860306430902423e+00 4.650000000000000355e+00 -1.646766755000000026e+00 4.599999999999999645e+00 -1.060000000000000053e+00 4.650000000000000355e+00 -2.926217394448243070e+01 4.650000000000000355e+00 -5.982831508999999670e+01 0.000000000000000000e+00 0.000000000000000000e+00
4.700000000000000178e+00 -1.074378402792998566e+00 4.700000000000000178e+00 -1.504667992999999981e+00 4.700000000000000178e+00 -9.000000000000000222e-01 4.700000000000000178e+00 -2.806052971141757979e+01 4.700000000000000178e+00 -5.635321093999999675e+01 0.000000000000000000e+00 0.000000000000000000e+00
4.750000000000000000e+00 -1.005446454763554209e+00 4.750000000000000000e+00 -1.373621358000000070e+00 4.799999999999999822e+00 -7.600000000000000089e-01 4.750000000000000000e+00 -2.691875691084940314e+01 4.750000000000000000e+00 -5.309283382000000273e+01 0.000000000000000000e+00 0.000000000000000000e+00
4.799999999999999822e+00 -9.416055238194217525e-01 4.799999999999999822e+00 -1.259942348999999906e+00 4.900000000000000355e+00 -6.500000000000000222e-01 4.799999999999999822e+00 -2.583343068958682309e+01 4.799999999999999822e+00 -5.003139494999999926e+01 0.000000000000000000e+00 0.000000000000000000e+00
4.849999999999999645e+00 -8.824370017255328547e-01 4.849999999999999645e+00 -1.157315466000000015e+00 5.000000000000000000e+00 -5.500000000000000444e-01 4.849999999999999645e+00 -2.480133912054423817e+01 4.849999999999999645e+00 -4.716573661000000328e+01 0.000000000000000000e+00 0.000000000000000000e+00
4.900000000000000355e+00 -8.275590931770343550e-01 4.900000000000000355e+00 -1.067319584000000043e+00 5.099999999999999645e+00 -4.799999999999999822e-01 4.900000000000000355e+00 -2.381946992039684474e+01 4.900000000000000355e+00 -4.448322773999999669e+01 0.000000000000000000e+00 0.000000000000000000e+00
4.950000000000000178e+00 -7.766235569765953528e-01 4.950000000000000178e+00 -9.836392019999999903e-01 5.200000000000000178e+00 -4.099999999999999756e-01 4.950000000000000178e+00 -2.288499784109102464e+01 4.950000000000000178e+00 -4.197439517000000109e+01 0.000000000000000000e+00 0.000000000000000000e+00
5.000000000000000000e+00 -7.293127017863013650e-01 5.000000000000000000e+00 -9.094320719999999802e-01 5.299999999999999822e+00 -3.599999999999999867e-01 5.000000000000000000e+00 -2.199527274234747409e+01 5.000000000000000000e+00 -3.962976564000000224e+01 0.000000000000000000e+00 0.000000000000000000e+00
5.049999999999999822e+00 -6.853366277123505990e-01 5.049999999999999822e+00 -8.399615660000000483e-01 5.400000000000000355e+00 -3.099999999999999978e-01 5.500000000000000000e+00 -1.508066452933966239e+01 5.500000000000000000e+00 -2.325683057000000176e+01 0.000000000000000000e+00 0.000000000000000000e+00
5.099999999999999645e+00 -6.444307018558833589e-01 5.099999999999999645e+00 -7.783854359999999861e-01 5.500000000000000000e+00 -2.800000000000000266e-01 6.000000000000000000e+00 -1.066939250415116547e+01 6.000000000000000000e+00 -1.472458941999999915e+01 0.000000000000000000e+00 0.000000000000000000e+00
5.150000000000000355e+00 -6.063532540703920892e-01 5.150000000000000355e+00 -7.231248070000000361e-01 5.599999999999999645e+00 -2.500000000000000000e-01 6.500000000000000000e+00 -7.754904332850002469e+00 6.500000000000000000e+00 -9.935861156999999722e+00 0.000000000000000000e+00 0.000000000000000000e+00
5.200000000000000178e+00 -5.708834781782909928e-01 5.200000000000000178e+00 -6.726008030000000248e-01 5.700000000000000178e+00 -2.200000000000000011e-01 7.000000000000000000e+00 -5.769257931763028147e+00 7.000000000000000000e+00 -7.040204181000000005e+00 0.000000000000000000e+00 0.000000000000000000e+00
5.250000000000000000e+00 -5.378195235662027729e-01 5.250000000000000000e+00 -6.268134239999999524e-01 5.799999999999999822e+00 -1.900000000000000022e-01 7.500000000000000000e+00 -4.379634169396396715e+00 7.500000000000000000e+00 -5.155027295000000009e+00 0.000000000000000000e+00 0.000000000000000000e+00
5.299999999999999822e+00 -5.069767622096520432e-01 5.299999999999999822e+00 -5.857626710000000125e-01 5.900000000000000355e+00 -1.700000000000000122e-01 8.000000000000000000e+00 -3.383995914691011464e+00 8.000000000000000000e+00 -3.888769445999999963e+00 0.000000000000000000e+00 0.000000000000000000e+00
5.349999999999999645e+00 -4.781862166287552673e-01 5.349999999999999645e+00 -5.478696680000000319e-01 6.000000000000000000e+00 -1.600000000000000033e-01 8.500000000000000000e+00 -2.655724288006749756e+00 8.500000000000000000e+00 -2.955654243000000125e+00 0.000000000000000000e+00 0.000000000000000000e+00
5.400000000000000355e+00 -4.512931349387654389e-01 5.400000000000000355e+00 -5.115555400000000308e-01 6.099999999999999645e+00 -1.400000000000000133e-01 9.000000000000000000e+00 -2.113169079807653006e+00 9.000000000000000000e+00 -2.256212564999999781e+00 0.000000000000000000e+00 0.000000000000000000e+00
5.450000000000000178e+00 -4.261556999522793654e-01 5.450000000000000178e+00 -4.783991630000000161e-01 6.200000000000000178e+00 -1.300000000000000044e-01 9.500000000000000000e+00 -1.702318188558973100e+00 9.500000000000000000e+00 -1.717816132999999912e+00 0.000000000000000000e+00 0.000000000000000000e+00
5.500000000000000000e+00 -4.026438601541308393e-01 5.500000000000000000e+00 -4.499794109999999958e-01 6.299999999999999822e+00 -1.199999999999999956e-01 1.000000000000000000e+01 -1.386616945667842549e+00 1.000000000000000000e+01 -1.308887493000000068e+00 0.000000000000000000e+00 0.000000000000000000e+00
5.549999999999999822e+00 -3.806382712625357434e-01 5.549999999999999822e+00 -4.215596580000000038e-01 6.400000000000000355e+00 -1.000000000000000056e-01 1.050000000000000000e+01 -1.140812671845914172e+00 1.050000000000000000e+01 -9.931124690000000532e-01 0.000000000000000000e+00 0.000000000000000000e+00
5.599999999999999645e+00 -3.600293379801965954e-01 5.599999999999999645e+00 -3.978765309999999777e-01 6.500000000000000000e+00 -8.999999999999999667e-02 1.100000000000000000e+01 -9.471342786837166905e-01 1.100000000000000000e+01 -7.452290750000000186e-01 0.000000000000000000e+00 0.000000000000000000e+00
5.650000000000000355e+00 -3.407163464057882396e-01 5.650000000000000355e+00 -3.741934049999999790e-01 6.599999999999999645e+00 -8.999999999999999667e-02 1.150000000000000000e+01 -7.928641103502529486e-01 1.150000000000000000e+01 -5.605007010000000456e-01 0.000000000000000000e+00 0.000000000000000000e+00
5.700000000000000178e+00 -3.226066784053039371e-01 5.700000000000000178e+00 -3.520891529999999880e-01 6.700000000000000178e+00 -8.000000000000000167e-02 1.200000000000000000e+01 -6.687609504973475172e-01 1.200000000000000000e+01 -4.041920290000000082e-01 0.000000000000000000e+00 0.000000000000000000e+00
5.750000000000000000e+00 -3.056151000253949368e-01 5.750000000000000000e+00 -3.315637759999999767e-01 6.799999999999999822e+00 -7.000000000000000666e-02 1.250000000000000000e+01 -5.680154475266482317e-01 1.250000000000000000e+01 -2.841975319999999749e-01 0.000000000000000000e+00 0.000000000000000000e+00
5.799999999999999822e+00 -2.896631167620661862e-01 5.799999999999999822e+00 -3.126172749999999723e-01 6.900000000000000355e+00 -7.000000000000000666e-02 1.300000000000000000e+01 -4.855456242117257015e-01 1.300000000000000000e+01 -1.894650220000000107e-01 0.000000000000000000e+00 0.000000000000000000e+00
5.849999999999999645e+00 -2.746783891757861862e-01 5.849999999999999645e+00 -2.968285230000000108e-01 7.000000000000000000e+00 -5.999999999999999778e-02 1.350000000000000000e+01 -4.175138298543325521e-01 1.350000000000000000e+01 -1.010480160000000044e-01 0.000000000000000000e+00 0.000000000000000000e+00
5.900000000000000355e+00 -2.605942029680509697e-01 5.900000000000000355e+00 -2.794608969999999859e-01 8.000000000000000000e+00 -2.999999999999999889e-02 1.400000000000000000e+01 -3.609904515930923985e-01 1.400000000000000000e+01 -5.683951400000000070e-02 0.000000000000000000e+00 0.000000000000000000e+00
5.950000000000000178e+00 -2.473489882060096456e-01 5.950000000000000178e+00 -2.652510209999999757e-01 9.000000000000000000e+00 -1.000000000000000021e-02 1.450000000000000000e+01 -3.137164859113624193e-01 1.450000000000000000e+01 -9.473258000000000026e-03 0.000000000000000000e+00 0.000000000000000000e+00
6.000000000000000000e+00 -2.348858829030109341e-01 6.000000000000000000e+00 -2.510411450000000211e-01 1.000000000000000000e+01 -1.000000000000000021e-02 1.500000000000000000e+01 -2.739337148156043567e-01 1.500000000000000000e+01 0.000000000000000000e+00 0.000000000000000000e+00 0.000000000000000000e+00
6.500000000000000000e+00 -1.434313632838540020e-01 6.500000000000000000e+00 -1.499931369999999986e-01 1.100000000000000000e+01 0.000000000000000000e+00 0.000000000000000000e+00 0.000000000000000000e+00 0.000000000000000000e+00 0.000000000000000000e+00 0.000000000000000000e+00 0.000000000000000000e+00
7.000000000000000000e+00 -9.101210927224641367e-02 7.000000000000000000e+00 -9.473250699999999358e-02 1.200000000000000000e+01 0.000000000000000000e+00 0.000000000000000000e+00 0.000000000000000000e+00 0.000000000000000000e+00 0.000000000000000000e+00 0.000000000000000000e+00 0.000000000000000000e+00
7.500000000000000000e+00 -5.966942739863501793e-02 7.500000000000000000e+00 -6.157612999999999975e-02 1.300000000000000000e+01 0.000000000000000000e+00 0.000000000000000000e+00 0.000000000000000000e+00 0.000000000000000000e+00 0.000000000000000000e+00 0.000000000000000000e+00 0.000000000000000000e+00
8.000000000000000000e+00 -4.023963999777695894e-02 8.000000000000000000e+00 -4.105075300000000232e-02 1.400000000000000000e+01 0.000000000000000000e+00 0.000000000000000000e+00 0.000000000000000000e+00 0.000000000000000000e+00 0.000000000000000000e+00 0.000000000000000000e+00 0.000000000000000000e+00
8.500000000000000000e+00 -2.781256204980648086e-02 8.500000000000000000e+00 -2.841975199999999951e-02 1.500000000000000000e+01 0.000000000000000000e+00 0.000000000000000000e+00 0.000000000000000000e+00 0.000000000000000000e+00 0.000000000000000000e+00 0.000000000000000000e+00 0.000000000000000000e+00
9.000000000000000000e+00 -1.964422880002581959e-02 9.000000000000000000e+00 -1.894650200000000048e-02 1.600000000000000000e+01 0.000000000000000000e+00 0.000000000000000000e+00 0.000000000000000000e+00 0.000000000000000000e+00 0.000000000000000000e+00 0.000000000000000000e+00 0.000000000000000000e+00
9.500000000000000000e+00 -1.414419580985631572e-02 9.500000000000000000e+00 -1.420987599999999976e-02 1.700000000000000000e+01 0.000000000000000000e+00 0.000000000000000000e+00 0.000000000000000000e+00 0.000000000000000000e+00 0.000000000000000000e+00 0.000000000000000000e+00 0.000000000000000000e+00
1.000000000000000000e+01 -1.036058938576539697e-02 1.000000000000000000e+01 -9.473251000000000241e-03 1.800000000000000000e+01 0.000000000000000000e+00 0.000000000000000000e+00 0.000000000000000000e+00 0.000000000000000000e+00 0.000000000000000000e+00 0.000000000000000000e+00 0.000000000000000000e+00
1.050000000000000000e+01 -7.707314143638867993e-03 1.050000000000000000e+01 -6.315501000000000274e-03 1.900000000000000000e+01 0.000000000000000000e+00 0.000000000000000000e+00 0.000000000000000000e+00 0.000000000000000000e+00 0.000000000000000000e+00 0.000000000000000000e+00 0.000000000000000000e+00
1.100000000000000000e+01 -5.814236213708459319e-03 1.100000000000000000e+01 -4.736625000000000384e-03 2.000000000000000000e+01 0.000000000000000000e+00 0.000000000000000000e+00 0.000000000000000000e+00 0.000000000000000000e+00 0.000000000000000000e+00 0.000000000000000000e+00 0.000000000000000000e+00
1.150000000000000000e+01 -4.442226352004537138e-03 1.150000000000000000e+01 -3.157749999999999967e-03 0.000000000000000000e+00 0.000000000000000000e+00 0.000000000000000000e+00 0.000000000000000000e+00 0.000000000000000000e+00 0.000000000000000000e+00 0.000000000000000000e+00 0.000000000000000000e+00
1.200000000000000000e+01 -3.433582430294335013e-03 1.200000000000000000e+01 -3.157749999999999967e-03 0.000000000000000000e+00 0.000000000000000000e+00 0.000000000000000000e+00 0.000000000000000000e+00 0.000000000000000000e+00 0.000000000000000000e+00 0.000000000000000000e+00 0.000000000000000000e+00
1.250000000000000000e+01 -2.682341261781229485e-03 1.250000000000000000e+01 -1.578874999999999983e-03 0.000000000000000000e+00 0.000000000000000000e+00 0.000000000000000000e+00 0.000000000000000000e+00 0.000000000000000000e+00 0.000000000000000000e+00 0.000000000000000000e+00 0.000000000000000000e+00
1.300000000000000000e+01 -2.116079910135647713e-03 1.300000000000000000e+01 -1.578874999999999983e-03 0.000000000000000000e+00 0.000000000000000000e+00 0.000000000000000000e+00 0.000000000000000000e+00 0.000000000000000000e+00 0.000000000000000000e+00 0.000000000000000000e+00 0.000000000000000000e+00
1.350000000000000000e+01 -1.684519860934458914e-03 1.350000000000000000e+01 -1.578874999999999983e-03 0.000000000000000000e+00 0.000000000000000000e+00 0.000000000000000000e+00 0.000000000000000000e+00 0.000000000000000000e+00 0.000000000000000000e+00 0.000000000000000000e+00 0.000000000000000000e+00
1.400000000000000000e+01 -1.352250705810566179e-03 1.400000000000000000e+01 0.000000000000000000e+00 0.000000000000000000e+00 0.000000000000000000e+00 0.000000000000000000e+00 0.000000000000000000e+00 0.000000000000000000e+00 0.000000000000000000e+00 0.000000000000000000e+00 0.000000000000000000e+00
1.450000000000000000e+01 -1.094000298275130860e-03 1.450000000000000000e+01 0.000000000000000000e+00 0.000000000000000000e+00 0.000000000000000000e+00 0.000000000000000000e+00 0.000000000000000000e+00 0.000000000000000000e+00 0.000000000000000000e+00 0.000000000000000000e+00 0.000000000000000000e+00
1.500000000000000000e+01 -8.915090751115605991e-04 1.500000000000000000e+01 0.000000000000000000e+00 0.000000000000000000e+00 0.000000000000000000e+00 0.000000000000000000e+00 0.000000000000000000e+00 0.000000000000000000e+00 0.000000000000000000e+00 0.000000000000000000e+00 0.000000000000000000e+00
