-143.169274
-143.238987
-143.551491
-143.906130
-144.390737
-144.970886
-145.652048
-146.436332
-147.401092
-148.329201
-149.430227
-150.598797
-151.868215
-153.147652
-154.503119
-155.855523
-157.210599
-158.568373
-159.809526
-160.937169
-161.992803
-162.928469
-163.714466
-164.284559
-164.636029
-164.803999
-164.731081
-164.468048
-163.976861
-163.269105
-162.394232
-161.407129
-160.271347
-158.994217
-157.707872
-156.370350
-155.024053
-153.635185
-152.316773
-151.036293
-149.884061
-148.683765
-147.667817
-146.783784
-145.860150
-145.167640
-144.398935
-144.082583
-143.629226
-143.403499
-143.155036
