0.01	6.15900589128633e-75	4.210788513238138e-80	1.8892267409044124e-86
0.02	1.705702047632723e-66	1.7571981232706627e-80	7.825314774687987e-87
0.03	7.569462426801605e-66	7.332938464144557e-81	3.2361581741148516e-87
0.04	2.015679443187593e-65	3.0600982522873345e-81	1.333180283450377e-87
0.05	4.4975047348211735e-65	1.2770054487034505e-81	5.441167283509343e-88
0.06	9.28830678402364e-65	5.329055552810964e-82	2.1703245783646532e-88
0.07	1.8484234685250925e-64	2.2238629890605333e-82	8.168519303894318e-89
0.08	3.610884544635754e-64	9.280395459641042e-83	2.624797775386466e-89
0.09	6.987356078427141e-64	3.872813283543957e-83	4.916293222028907e-90
0.1	1.345517029742695e-63	1.616182940564273e-83	6.353410759626933e-92
0.11	2.584423768187806e-63	6.744717755139492e-84	7.6770137684767006e-90
0.12	4.95752388262399e-63	2.814876419236769e-84	3.404098850886781e-89
0.13	9.503137529523793e-63	1.1749199772657984e-84	1.0092481647309277e-88
0.14	1.8210140933608073e-62	4.905521329242575e-85	2.635594926599894e-88
0.15	3.488817425351118e-62	2.0495965392851784e-85	6.562470861822831e-88
0.16	6.683450188725065e-62	8.577969767962008e-86	1.6032670900196083e-87
0.17	1.2802683905352166e-61	3.604546787844561e-86	3.8866659000030654e-87
0.18	2.4523912590400955e-61	1.5292387017338567e-86	9.392069540127448e-87
0.19	4.697561294810375e-61	6.635430696325128e-87	2.2665830801396935e-86
0.2	8.998124507889166e-61	3.0311852914866696e-87	5.466940056298942e-86
0.21	1.723573843296728e-60	1.5472060098639143e-87	1.3183127750605635e-85
0.22	3.3014667801018923e-60	9.761269058460716e-88	3.1787162273236444e-85
0.23	6.323878540036845e-60	8.533197292127146e-88	7.664222733446302e-85
0.24	1.2113227508951823e-59	1.0788458873743936e-87	1.8478956833745232e-84
0.25	2.3202570770676336e-59	1.8361000898182158e-87	4.455370973417985e-84
0.26	4.444391148744033e-59	3.7409164766370485e-87	1.0742097330527793e-83
0.27	8.51311320737277e-59	8.342365558215062e-87	2.5899643961162484e-83
0.28	1.6306641596722458e-58	1.9382490533064204e-86	6.2445090164542756e-83
0.29	3.1234936987859134e-58	4.5839426723524846e-86	1.505576106664797e-82
0.3	5.982968793399797e-58	1.0922864196770807e-85	3.6300039289741605e-82
0.31	1.1460216933581533e-57	2.6109984617154124e-85	8.752083681680955e-82
0.32	2.1951739397139947e-57	6.249584887770523e-85	2.110162115132067e-81
0.33	4.2047970348565233e-57	1.496703441426231e-84	5.087684587983026e-81
0.34	8.054176377614542e-57	3.5852592706556966e-84	1.2266609384261207e-80
0.35	1.542755965543832e-56	8.58909120967402e-84	2.957528184619585e-80
0.36	2.9551078311497507e-56	2.057743904730786e-83	7.13071777632384e-80
0.37	5.660430092478426e-56	4.929952345657452e-83	1.7192443426635595e-79
0.38	1.0842402599379645e-55	1.181128531046251e-82	4.145166310440704e-79
0.39	2.0768332476987565e-55	2.8297812775806506e-82	9.994160407751853e-79
0.4	3.978118594233842e-55	6.779678618660648e-82	2.409631719795059e-78
0.41	7.619979874257513e-55	1.6242974656289623e-81	5.809717663235687e-78
0.42	1.4595867847678503e-54	3.891545552336611e-81	1.4007459749621635e-77
0.43	2.7957994869002974e-54	9.323494279462901e-81	3.3772541113094215e-77
0.44	5.355279214990741e-54	2.2337538550546526e-80	8.142693633412228e-77
0.45	1.0257894246303767e-53	5.351702068437e-80	1.963235735965835e-76
0.46	1.9648722343695556e-53	1.2821786585457034e-79	4.7334392382854695e-76
0.47	3.7636602646657975e-53	3.071886468697648e-79	1.1412509772555325e-75
0.48	7.209190674104025e-53	7.359728244008673e-79	2.751601378025641e-75
0.49	1.3809012110767918e-52	1.7632682849118214e-78	6.634220074676277e-75
0.5	2.6450793729218376e-52	4.2244970766617866e-78	1.5995367770464712e-74
0.51	5.066578863813756e-52	1.0121191258806786e-77	3.856546620891312e-74
0.52	9.704896437526555e-52	2.4248688220606848e-77	9.298286886889184e-74
0.53	1.8589469816763017e-51	5.80958175172236e-77	2.2418538534590163e-73
0.54	3.5607632733937366e-51	1.3918790090040202e-76	5.405198571960278e-73
0.55	6.82054690861402e-51	3.3347102399177956e-76	1.3032148173817402e-72
0.56	1.3064575362311722e-50	7.989410223365165e-76	3.142102621453523e-72
0.57	2.502484502847681e-50	1.9141295982229883e-75	7.575734063230143e-72
0.58	4.793442200240554e-50	4.585935652770519e-75	1.826539534543793e-71
0.59	9.18171045650849e-50	1.0987137877642985e-74	4.403859274105704e-71
0.6	1.758732104935502e-49	2.63233520665323e-74	1.0617879404932109e-70
0.61	3.368804354681299e-49	6.306636648554261e-74	2.5600128442018743e-70
0.62	6.45285472885359e-49	1.5109650821202392e-73	6.172292519572531e-70
0.63	1.2360270816506757e-48	3.62002063320072e-73	1.488164211107638e-69
0.64	2.3675768489604718e-48	8.672966397350619e-73	3.588022946415694e-69
0.65	4.535030193875471e-48	2.0778982705152513e-72	8.650865655762231e-69
0.66	8.68672916293817e-48	4.978298110239668e-72	2.0857580264029927e-68
0.67	1.6639197607140024e-47	1.1927172964184798e-71	5.028845340820627e-68
0.68	3.187193842656988e-47	2.857551953848986e-71	1.2124745604122703e-67
0.69	6.104984645600725e-47	6.8462184571868175e-71	2.9233242623584687e-67
0.7	1.1693934966926883e-46	1.640239894865003e-70	7.04825076081423e-67
0.71	2.2399419973849805e-46	3.929741549340312e-70	1.6993612178773312e-66
0.72	4.290549046013338e-46	9.415006117676824e-70	4.0972273076333024e-66
0.73	8.21843205660563e-46	2.2556786262641744e-69	9.878577570097184e-66
0.74	1.574218701259267e-45	5.404230227139278e-69	2.3817642391140938e-65
0.75	3.015373860032789e-45	1.2947635362532105e-68	5.742528061827964e-65
0.76	5.775868059816391e-45	3.1020377451578798e-68	1.384546295528705e-64
0.77	1.1063520940665183e-44	7.431965685587805e-68	3.338196041574152e-64
0.78	2.1191878750850141e-44	1.7805751731413396e-67	8.048523077898272e-64
0.79	4.059247751229296e-44	4.2659614983899865e-67	1.9405308414695186e-63
0.8	7.775380606685985e-44	1.0220533106523985e-66	4.6786968369825844e-63
0.81	1.4893533798354621e-43	2.448669473950403e-66	1.1280523671457806e-62
0.82	2.8528166043986645e-43	5.8666041488865e-66	2.71977900548023e-62
0.83	5.464493980086743e-43	1.4055406254649703e-65	6.557495072119354e-62
0.84	1.0467092210681552e-42	3.3674411971488217e-65	1.5810380745724225e-61
0.85	2.0049435454803313e-42	8.067828144422214e-65	3.811945515408198e-61
0.86	3.840415790415108e-42	1.9329172257868113e-64	9.190751852304652e-61
0.87	7.356213832812075e-42	4.6309476786840404e-64	2.2159267300439372e-60
0.88	1.4090631042897204e-41	1.1094979193420686e-63	5.342687248913061e-60
0.89	2.6990227269013436e-41	2.658172189443056e-63	1.288143089421203e-59
0.9	5.169905917025657e-41	6.368537755274521e-63	3.1057640874658705e-59
0.91	9.90281664711372e-41	1.5257955561131225e-62	7.488120416286061e-59
0.92	1.8968580689911607e-40	3.655551978358649e-62	1.805415536714242e-58
0.93	3.6333809481826275e-40	8.758093581373033e-62	4.352928477378607e-58
0.94	6.95964412436912e-40	2.0982933257189756e-61	1.0495083233668158e-57
0.95	1.3331012362492029e-39	5.027161265005064e-61	2.5304062001945498e-57
0.96	2.5535197983276902e-39	1.2044240943152123e-60	6.10090972641587e-57
0.97	4.891198945098411e-39	2.885599491436959e-60	1.4709535365118073e-56
0.98	9.36896088927903e-39	6.913415684958926e-60	3.5465273272412677e-56
0.99	1.7945994250101807e-38	1.6563392312366667e-59	8.550818071858334e-56
1.0	3.4375072479299305e-38	3.9683128773848226e-59	2.0616361570487062e-55
1.01	6.584453285169069e-38	9.507416594281054e-59	4.970686556925937e-55
1.02	1.2612344334890397e-37	2.2778186370420413e-58	1.1984522469073337e-54
1.03	2.4158608578807377e-37	5.4572740047775414e-58	2.889515908252103e-54
1.04	4.627516922840953e-37	1.3074719417475302e-57	6.9667374779327e-54
1.05	8.8638850210787e-37	3.132484967697241e-57	1.6797080420225698e-53
1.06	1.6978534919904323e-36	7.504912158752811e-57	4.0498427210329154e-53
1.07	3.252192998226969e-36	1.7980519329355497e-56	9.764331452122027e-53
1.08	6.229488791354515e-36	4.307832903497347e-56	2.3542190468715875e-52
1.09	1.1932419331438227e-35	1.0320850018028687e-55	5.676115510651246e-52
1.1	2.2856230401904554e-35	2.4727037348213695e-55	1.3685339659905076e-51
1.11	4.3780498629357146e-35	5.924186234194878e-55	3.2995896798703865e-51
1.12	8.386037533448325e-35	1.4193363338758193e-54	7.95544160836902e-51
1.13	1.6063230825161733e-34	3.4004934163482323e-54	1.9180885299245803e-50
1.14	3.0768689445195654e-34	8.147015755632292e-54	4.624587533591989e-50
1.15	5.893660251037092e-34	1.9518892582888531e-53	1.1150063994541157e-49
1.16	1.1289148735608007e-33	4.676401508109916e-53	2.688324659859963e-49
1.17	2.1624062763416624e-33	1.120387899681572e-52	6.481657397078097e-49
1.18	4.142031444065279e-33	2.6842627682331588e-52	1.56275331028231e-48
1.19	7.933950558380067e-33	6.4310464357661894e-52	3.7678602233731915e-48
1.2	1.5197270303925616e-32	1.540771594660384e-51	9.084460464405121e-48
1.21	2.910996520474102e-32	3.6914320719400454e-51	2.1902994547779884e-47
1.22	5.57593605479494e-32	8.844056308521939e-51	5.280898871647964e-47
1.23	1.068055652711618e-31	2.1188885631369429e-50	1.2732456665565616e-46
1.24	2.0458320649288583e-31	5.076504023008506e-50	3.0698458099788673e-46
1.25	3.9187366569007515e-31	1.2162457971583276e-49	7.401520024436044e-46
1.26	7.50623535987627e-31	2.9139223221350675e-49	1.7845358387073143e-45
1.27	1.4377993269498695e-30	6.981272469163317e-49	4.302586697214894e-45
1.28	2.754066193591316e-30	1.672596586342309e-48	1.0373707204704005e-44
1.29	5.2753402067401406e-30	4.007262791992454e-48	2.501141958129216e-44
1.3	1.0104773211917494e-29	9.600734101223821e-48	6.030352477923966e-44
1.31	1.935542309362856e-29	2.30017595717929e-47	1.4539419040094724e-43
1.32	3.707479576993685e-29	5.510838419440483e-47	3.505511606449986e-43
1.33	7.101578067983435e-29	1.3203050831999507e-46	8.451927541993108e-43
1.34	1.3602883039090914e-28	3.163231036813118e-46	2.0377932580130184e-42
1.35	2.605595900007205e-28	7.5785746185319e-46	4.9132003815357585e-42
1.36	4.99094932642167e-28	1.8157002311952575e-45	1.1845921019809807e-41
1.37	9.560030079430214e-28	4.350115286192369e-45	2.856098549021707e-41
1.38	1.8311982178576196e-27	1.0422151563370876e-44	6.886166899207363e-41
1.39	3.5076112577302475e-27	2.496973897557312e-44	1.6602821558794452e-40
1.4	6.718735642802262e-27	5.982333501074112e-44	4.0030061389435555e-40
1.41	1.2869558602988472e-26	1.4332674503759892e-43	9.651406594761545e-40
1.42	2.465129563673013e-26	3.43387005077275e-43	2.3269924158045388e-39
1.43	4.721889812354229e-26	8.226980611679134e-43	5.610471023105444e-39
1.44	9.044653769351387e-26	1.9710475057060798e-42	1.3527068196405271e-38
1.45	1.7324792627182404e-25	4.72230147745203e-42	3.2614298021793736e-38
1.46	3.318517736875163e-25	1.1313847677130009e-41	7.863436629505927e-38
1.47	6.356532056075795e-25	2.710609432127269e-41	1.895905764549544e-37
1.48	1.2175767310487983e-24	6.494168653507217e-41	4.571104006312869e-37
1.49	2.3322356953654614e-24	1.5558946265120046e-40	1.1021113088652954e-36
1.5	4.4673351584597745e-24	3.7276643369918605e-40	2.6572340849197424e-36
1.51	8.55706113137229e-24	8.930862779847614e-40	6.406696787576718e-36
1.52	1.6390821957331717e-23	2.1396859476041824e-39	1.5446800099730605e-35
1.53	3.139618150581832e-23	5.1263310916674126e-39	3.7242847793845314e-35
1.54	6.013854678626226e-23	1.2281835327666214e-38	8.979398340370308e-35
1.55	1.1519377950128176e-22	2.9425231480092683e-38	2.1649685599061443e-34
1.56	2.2065060672236196e-22	7.049795283499903e-38	5.219825079270056e-34
1.57	4.22650341517831e-22	1.6890135111725864e-37	1.2585205329428821e-33
1.58	8.095754362004002e-22	4.046595009078448e-37	3.034342928710412e-33
1.59	1.5507201166461553e-21	9.694967541219028e-37	7.315921169347143e-33
1.6	2.9703629490752047e-21	2.3227527196178667e-36	1.763897615186451e-32
1.61	5.689650862543108e-21	5.564928581301692e-36	4.252827121616044e-32
1.62	1.0898374202962736e-20	1.3332641849229354e-35	1.0253734894040993e-31
1.63	2.087554458740811e-20	3.194278885754222e-35	2.472216158114646e-31
1.64	3.9986547874488885e-20	7.652960092500351e-35	5.960611226641985e-31
1.65	7.659316403574182e-20	1.8335217516104319e-34	1.4371270116713988e-30
1.66	1.467121591846353e-19	4.392812680315739e-34	3.464970233999151e-30
1.67	2.8102322085262705e-19	1.0524447406960863e-33	8.35418068479345e-30
1.68	5.382924707624036e-19	2.5214822775899458e-33	2.0142261029937915e-29
1.69	1.0310848448763856e-18	6.04105149691288e-33	4.8563790359076544e-29
1.7	1.9750154703594517e-18	1.4473353040273958e-32	1.170892250147552e-28
1.71	3.7830893621822274e-18	3.467574284633323e-32	2.8230676627969607e-28
1.72	7.246406591261586e-18	8.307730341401736e-32	6.806528122229502e-28
1.73	1.388029820569435e-17	1.990393795781229e-31	1.6410809308339665e-27
1.74	2.6587340339325282e-17	4.768651965677511e-31	3.9567112236726186e-27
1.75	5.092734002134878e-17	1.1424895725639323e-30	9.53978771758746e-27
1.76	9.754995906130157e-17	2.7372146946602915e-30	2.300080661741075e-26
1.77	1.8685434010243808e-16	6.557910430508519e-30	5.545585716506024e-26
1.78	3.579144958244102e-16	1.571166094441482e-29	1.3370627148282862e-25
1.79	6.855756534796713e-16	3.7642522301590517e-29	3.2237112448968585e-25
1.8	1.313201846048345e-15	9.018521276895554e-29	7.772495691654295e-25
1.81	2.5154030480983507e-15	2.160687463241038e-28	1.873979543683278e-24
1.82	4.818187328492002e-15	5.176647224603604e-28	4.518239018021145e-24
1.83	9.229109088498512e-15	1.2402384400286931e-27	1.089365350480012e-23
1.84	1.7678111862466363e-14	2.971404697646925e-27	2.6265030736379722e-23
1.85	3.386195092345615e-14	7.118990665209462e-27	6.332603100320582e-23
1.86	6.48616622217372e-14	1.7055915719414902e-26	1.5268157280549118e-22
1.87	1.2424078091934723e-13	4.0863132810306196e-26	3.681213287038991e-22
1.88	2.3797989620525245e-13	9.790125904362786e-26	8.87555126364182e-22
1.89	4.558441325126673e-13	2.3455510782350382e-25	2.139930617846435e-21
1.9	8.731572557950237e-13	5.619549650692296e-25	5.1594576069635306e-21
1.91	1.6725093941871263e-12	1.3463504832458613e-24	1.2439656966018816e-20
1.92	3.2036470490763566e-12	3.2256314765597728e-24	2.9992506346088167e-20
1.93	6.13650037283338e-12	7.728075677210828e-24	7.231312313010375e-20
1.94	1.175430214323619e-11	1.8515181943967645e-23	1.7434980331777195e-19
1.95	2.2515054240035233e-11	4.435929159301988e-23	4.2036433801013305e-19
1.96	4.312696655726025e-11	1.0627747308060618e-22	1.013514680367466e-18
1.97	8.260868257563655e-11	2.546231213083547e-22	2.4436278229981484e-18
1.98	1.5823379158148453e-10	6.100345823494597e-22	5.89165010856803e-18
1.99	3.030992669382198e-10	1.4615412369854438e-21	1.4205303635044627e-17
2.0	5.805308867306361e-10	3.501609332961585e-21	3.424683755131975e-17
2.01	1.1123321132598581e-9	8.389272652390315e-21	8.259489601451551e-17
2.02	2.126729047602114e-9	2.009929970734306e-20	1.9879138764305928e-16
2.03	4.028250166193568e-9	4.8154574256931486e-20	4.744273671378164e-16
2.04	7.518150386133402e-9	1.153703345977706e-19	1.1179801804058919e-15
2.05	1.379782231094516e-8	2.7640813415501537e-19	2.597845502273364e-15
2.06	2.4878992529558608e-8	6.622275634790773e-19	5.949244825099778e-15
2.07	4.406579713758141e-8	1.5865894341965005e-18	1.342511006867033e-14
2.08	7.667908689588896e-8	3.801181548712759e-18	2.985263902883083e-14
2.09	1.3112617498367024e-7	9.107198364950988e-18	6.541661418677119e-14
2.1	2.2044608085470748e-7	2.1817536591509518e-17	1.4127898974126536e-13
2.11	3.644969559471303e-7	5.2287220262431155e-17	3.0074660689744247e-13
2.12	5.929893671655767e-7	1.2504419293488148e-16	6.311166641775399e-13
2.13	9.496079337932657e-7	2.964297087458917e-16	1.3057434811501384e-12
2.14	1.4974990789850367e-6	6.935443110721027e-16	2.6637889348269962e-12
2.15	2.326430474805497e-6	1.5993412939160239e-15	5.359083422025035e-12
2.16	3.5619418765861625e-6	3.6332211131481665e-15	1.0633727535909227e-11
2.17	5.376800915649494e-6	8.129960669939307e-15	2.081329468894558e-11
2.18	8.00504384608942e-6	1.7920880515999153e-14	4.018952224790993e-11
2.19	1.175881337115818e-5	3.8919207737042674e-14	7.656995198043706e-11
2.2	1.704809766603977e-5	8.328631525926131e-14	1.4395761257632546e-10
2.21	2.4403322733076883e-5	1.756565693421449e-13	2.671155792870877e-10
2.22	3.450055337789605e-5	3.6518574767764585e-13	4.892266320830607e-10
2.23	4.818881931573394e-5	7.485137257919919e-13	8.845565119182515e-10
2.24	6.65188096442283e-5	1.5128637128932097e-12	1.5790809168420573e-9
2.25	9.077188344628496e-5	3.0157192317132855e-12	2.7835916415879053e-9
2.26	0.0001224880436865676	5.9299256224329555e-12	4.846055232330901e-9
2.27	0.00016349123710769978	1.1504033671719061e-11	8.333214637582422e-9
2.28	0.00021591009887746019	2.2022576145467468e-11	1.41559207673333e-8
2.29	0.00028219208313399406	4.160801047734149e-11	2.37588425709078e-8
2.3	0.00036510883465489707	7.759784024091699e-11	3.940347761346536e-8
2.31	0.0004677506852012461	1.4287568411085403e-10	6.458426084552755e-8
2.32	0.0005935083181441223	2.5976121727581217e-10	1.0463155125208037e-7
2.33	0.0007460399470330047	4.664102950040026e-10	1.675728317838993e-7
2.34	0.000929222799106454	8.271982619086486e-10	2.6534494661827906e-7
2.35	0.0011470882745474166	1.4493320706975533e-9	4.154757767252929e-7
2.36	0.0014037408472031478	2.509061872975769e-9	6.433832524976813e-7
2.37	0.0017032615531189566	4.292473422957556e-9	9.854723921910836e-7
2.38	0.0020495977414391863	7.2581092658227595e-9	1.4932458973510895e-6
2.39	0.002446441593269122	1.2131799064927024e-8	2.238678731737859e-6
2.4	0.002897100699414782	2.0048329568576862e-8	3.3211391692834413e-6
2.41	0.0034043646783923232	3.276024422819622e-8	4.876164150906419e-6
2.42	0.003970372365441163	5.294145766680254e-8	7.086410567100566e-6
2.43	0.004596484471385947	8.462284330463025e-8	1.0195100471267251e-5
2.44	0.005283166766132783	1.338088128348991e-7	1.4522250652951334e-5
2.45	0.006029888765943352	2.093384121607456e-7	2.0483918427093336e-5
2.46	0.006835042590094414	3.2407176113099327e-7	2.8614598872525325e-5
2.47	0.007695886108539742	4.965027603250561e-7	3.95927675769882e-5
2.48	0.008608513748628253	7.529216123162467e-7	5.426937194086554e-5
2.49	0.009567857398883193	1.1302750842310975e-6	7.369882996059644e-5
2.5	0.010567718784551646	1.6798974199542064e-6	9.917179761471042e-5
2.51	0.01160083354378132	2.4723087405622037e-6	0.0001322486198782142
2.52	0.012658966059880273	3.6032986446729605e-6	0.00017479206367857983
2.53	0.013733032960161122	5.201527805839423e-6	0.00022899765984276942
2.54	0.014813252129064822	7.437885137152951e-6	0.00029741962472054715
2.55	0.01588931315098917	1.053682847628362e-5	0.000382990004345426
2.56	0.01695056433703418	1.4789908698669664e-5	0.0004890285055527636
2.57	0.017986210930418283	2.0571627744438594e-5	0.0006192403848240662
2.58	0.01898551874723379	2.835770661915571e-5	0.0007776998051014586
2.59	0.019938017400505714	3.874573092752205e-5	0.0009688162680042534
2.6	0.02083369737278289	5.247799820620628e-5	0.0011972820989682947
2.61	0.021663195531721538	7.046621597292059e-5	0.001467999510748888
2.62	0.022417964201110654	9.381750083441576e-5	0.0017859864892416093
2.63	0.02309041957591141	0.00012386091253855313	0.00215626161420774
2.64	0.02367406606816975	0.00016217350626939614	0.002583708912516603
2.65	0.024163594051984247	0.0002106046252362917	0.003072924897114493
2.66	0.024554949399955596	0.00027129691267811903	0.0036280510155172413
2.67	0.024845374131639005	0.00034670232997043135	0.004252595755255817
2.68	0.025033418390223394	0.0004395913392213507	0.004949251566299305
2.69	0.025118924795023284	0.0005530532945029708	0.005719712500536253
2.7	0.02510298695783469	0.0006904860524903932	0.006564498981799352
2.71	0.024987884580324107	0.0008555729167806481	0.007482796458157529
2.72	0.0247769980533734	0.0010522453179307762	0.008472317061043688
2.73	0.024474705850088978	0.0012846300746636697	0.009529195000615397
2.74	0.02408626824047417	0.0015569804950998109	0.010647922516316093
2.75	0.023617700961523137	0.0018735911116955402	0.011821330527371358
2.76	0.02307564246039631	0.002238696569047754	0.013040618018223676
2.77	0.022467218202859556	0.0026563559908592523	0.014295432436302831
2.78	0.021799905319622278	0.003130324996670071	0.015574001331362558
2.79	0.021081400566759747	0.003663918272190183	0.01686331331057272
2.8	0.020319494221137126	0.004259866291341425	0.018149344237177126
2.81	0.01952195213581871	0.0049201704550292545	0.019417322641106297
2.82	0.018696407761320817	0.005645961768232562	0.020652027967349197
2.83	0.017850265512439765	0.006437368817956812	0.021838114354670313
2.84	0.016990616441688863	0.007293400465747014	0.022960448943305525
2.85	0.016124166781457103	0.008211848285492727	0.024004452313410068
2.86	0.015257179547924937	0.009189213606814526	0.0249564295407032
2.87	0.014395429068259467	0.010220663983094786	0.02580388051876275
2.88	0.013544168004072554	0.011300023434844396	0.026535774143204384
2.89	0.012708106201788257	0.012419798863327466	0.027142771330979955
2.9	0.011891400505671381	0.013571243411045252	0.027617407430070556
2.91	0.011097654521316424	0.014744456602479212	0.02795425078257122
2.92	0.010329927214421646	0.01592852094605822	0.028150019193179596
2.93	0.009590749168537523	0.01711167388507803	0.02820363130634967
2.94	0.008882145302160296	0.01828151057660537	0.028116159183191165
2.95	0.008205662855409848	0.019425211094954292	0.027890729327365752
2.96	0.007562403494605389	0.02052978557899248	0.027532430855662544
2.97	0.006953058444225365	0.021582331891836514	0.027048157612836014
2.98	0.00637794563497037	0.022570300386498078	0.026446390165705658
2.99	0.005837047949127167	0.023481756853953914	0.02573696557237095
3.0	0.005330051745695136	0.024305634023616	0.024930826658058045
3.01	0.004856384953760642	0.025031963797637564	0.024039758465421706
3.02	0.004415254129864526	0.025652083714891777	0.023076121301043126
3.03	0.004005679980607079	0.026158812175340836	0.02205258901530381
3.04	0.0036265309530126443	0.02654658705956738	0.020981898161103445
3.05	0.0032765545902943495	0.026811563577959024	0.01987661299443214
3.06	0.0029544064381741447	0.026951669155902833	0.0187489114775924
3.07	0.0026586763658336832	0.026966614893907778	0.017610396408667673
3.08	0.0023879122353120505	0.026857864634365826	0.016471934657806598
3.09	0.0021406409134934095	0.026628563698535307	0.015343526345181971
3.1	0.0019153866718046564	0.026283430596813557	0.014234204693640392
3.11	0.0017106870606758502	0.025828616265057957	0.013151966295012786
3.12	0.0015251063791998805	0.025271536167574146	0.012103731103284861
3.13	0.001357246885899254	0.02462068122098181	0.011095330400845187
3.14	0.0012057579148004366	0.023885413983025225	0.010131519301063045
3.15	0.0010693430729216448	0.023075756626278573	0.009216010213585176
3.16	0.0009467657016147992	0.022202177003374627	0.008351524072630092
3.17	0.0008368527857801709	0.021275379332453142	0.007539856019297218
3.18	0.0007384974925815119	0.020306105239416377	0.006781952217391164
3.19	0.0006506605156761546	0.01930494881925051	0.006077994579785404
3.2	0.0005723703928296803	0.01828218871057155	0.005427490371076421
3.21	0.0005027229547356987	0.017247640075942948	0.004829363921251079
3.22	0.0004408800514669722	0.01621052899537083	0.004282048151314292
3.23	0.0003860676907330239	0.015179390723764804	0.003783573825880575
3.24	0.00033757370942995714	0.014161991486789639	0.003331654477293823
3.25	0.0002947450871913992	0.013165272952647827	0.00292376547532922
3.26	0.0002569849980724853	0.012195318483080449	0.0025572162981874966
3.27	0.00022374968435004823	0.011257340390919805	0.002229215387395137
3.28	0.00019454522487690983	0.01035568664210482	0.0019369272558179026
3.29	0.00016892425961436238	0.00949386375504205	0.0016775217692181457
3.3	0.00014648272197135116	0.008674572836551047	0.0014482157351295133
3.31	0.00012685662145306146	0.007899756455067016	0.0012463071082731406
3.32	0.00010971891088756304	0.007170654362806921	0.0010692022714416094
3.33	9.477646515465922e-5	0.006487865937406053	0.000914436937972728
3.34	8.176719186460318e-5	0.005851416705826051	0.0007796912631981449
3.35	7.045728878943572e-5	0.005260826704534027	0.0006627998095056346
3.36	6.063865798888893e-5	0.004715179029183226	0.0005617570424689903
3.37	5.2126482440938634e-5	0.004213187171168413	0.0004747190255419273
3.38	4.475696752422187e-5	0.003753259944828682	0.00040000195345451503
3.39	3.8385246843289806e-5	0.003333562993829058	0.0003360781244822128
3.4	3.2883449575207306e-5	0.002952076096816204	0.0002815699027830959
3.41	2.8138924685588947e-5	0.0026066457157788406	0.00023524216723371026
3.42	2.4052615954316865e-5	0.0022950323252663367	0.00019599368542206594
3.43	2.0537580709631938e-5	0.002014952316097691	0.00016284779301340284
3.44	1.7517644441536473e-5	0.0017641146197425292	0.00013494270148294444
3.45	1.4926183003194125e-5	0.0015402522189353668	0.00011152170268012625
3.46	1.2705023868362203e-5	0.0013411486754568878	9.192348793230816e-5
3.47	1.0803457854400563e-5	0.0011646598847563422	7.557275314741871e-5
3.48	9.177352809022605e-6	0.0010087313550774185	6.197122006856776e-5
3.49	7.788360963880535e-6	0.0008714113904788269	5.068916765145003e-5
3.5	6.6032119525208625e-6	0.000750860578580818	4.135753645478465e-5
3.51	5.593083851168973e-6	0.0006453579872908383	3.366064283969865e-5
3.52	4.733045008616988e-6	0.0005533044962059169	2.7329519340607847e-5
3.53	4.00155986974815e-6	0.00047322367082522576	2.2135878676032437e-5
3.54	3.3800524523039403e-6	0.0004037605468057451	1.788668328914737e-5
3.55	2.852521597263425e-6	0.0003436786891524984	1.441929440237047e-5
3.56	2.405202570737322e-6	0.00029185588426069536	1.1597168869068413e-5
3.57	2.0262700425792582e-6	0.0002472787990362528	9.306066746156723e-6
3.58	1.7055778986316476e-6	0.00020903689344645225	7.450729310429581e-6
3.59	1.4344317557078882e-6	0.00017631581573872139	5.951985839742002e-6
3.6	1.2053904383046421e-6	0.0001483904893580669	4.744247483620828e-6
3.61	1.0120930418610148e-6	0.00012461808143409588	3.773347615421899e-6
3.62	8.491085481668963e-7	0.00010443101377541552	2.9946898999588318e-6
3.63	7.118052739546086e-7	8.733013850350584e-5	2.3716676849012106e-6
3.64	5.962377239882523e-7	7.287816083495967e-5	1.8743210335086718e-6
3.65	4.990486856973583e-7	6.0693376365479225e-5	1.4782006021842654e-6
3.66	4.173846444920044e-7	5.044377720641264e-5	1.163410505232835e-6
3.67	3.488228184713871e-7	4.18415601959057e-5	9.138052072115154e-7
3.68	2.913083095730377e-7	3.4638055879015854e-5	7.163182716403034e-7
3.69	2.4310004667471474e-7	2.8619086660988415e-5	5.604034257615758e-7
3.7	2.0272435617176187e-7	2.3600749626513503e-5	4.3757084364936167e-7
3.71	1.689351385357904e-7	1.9425609560887674e-5	3.4100378696107065e-7
3.72	1.4067975672370686e-7	1.5959282258432824e-5	2.652427672186866e-7
3.73	1.170698554165207e-7	1.3087384996388638e-5	2.0592620689364167e-7
3.74	9.735643023540558e-8	1.0712829279503621e-5	1.5957818575709127e-7
3.75	8.090855455027891e-8	8.753429305901159e-6	1.2343527499905406e-7
3.76	6.71952494301047e-8	7.139798907929269e-6	9.530569818735038e-8
3.77	5.5770050770571024e-8	5.813510028831776e-6	7.345513039008717e-8
3.78	4.625788767828018e-8	4.725486885319217e-6	5.6514370499932806e-8
3.79	3.8343938714070634e-8	3.834611453380499e-6	4.340491271414391e-8
3.8	3.176417844467928e-8	3.1065171584194063e-6	3.3279116471367225e-8
3.81	2.629736668783077e-8	2.5125491192867614e-6	2.5472244319946122e-8
3.82	2.1758267553957252e-8	2.028871133088762e-6	1.946411754552231e-8
3.83	1.7991915512088256e-8	1.6357012739683197e-6	1.4848542112367716e-8
3.84	1.4868771797615883e-8	1.316659600693183e-6	1.130899356302913e-8
3.85	1.228063703562775e-8	1.0582132689340166e-6	8.599328766143981e-9
3.86	1.013720542047537e-8	8.4920601249282e-7	6.528523438942099e-9
3.87	8.36316256525995e-9	6.804604142610519e-7	4.948624747703064e-9
3.88	6.895743563468472e-9	5.444427135947656e-7	3.745264550765241e-9
3.89	5.682680197378982e-9	4.349811150520978e-7	2.8302066262789085e-9
3.9	4.680476855283739e-9	3.47029720152868e-7	2.1355053338593496e-9
3.91	3.852963820010924e-9	2.7647124329836195e-7	1.6089376830377751e-9
3.92	3.170084372928171e-9	2.1995258697535393e-7	1.2104391725435492e-9
3.93	2.6068788024357798e-9	1.7474816128350749e-7	9.093289198558419e-10
3.94	2.142634072332536e-9	1.386465500651093e-7	6.821539394298464e-10
3.95	1.7601727310867343e-9	1.0985676617124117e-7	5.110179609935106e-10
3.96	1.4452587474484115e-9	8.693089724080612e-8	3.822885692054144e-10
3.97	1.1861014444412639e-9	6.870042332146044e-8	2.855990620089123e-10
3.98	9.729416619673675e-10	5.4223909925264504e-8	2.1307938986387895e-10
3.99	7.977067851527017e-10	4.2744145132429696e-8	1.5876476839344387e-10
4.0	6.537233975507765e-10	3.365309285304218e-8	1.1814179845834484e-10
4.01	5.354781124769611e-10	2.6463295446759145e-8	8.780078452858517e-11
4.02	4.384186510448e-10	2.07845861348537e-8	6.516990352580875e-11
4.03	3.5878851388220376e-10	1.6305162468704382e-8	4.831232859102121e-11
4.04	2.9348967092037715e-10	1.2776232711320841e-8	3.577167565922238e-11
4.05	2.3996860073877446e-10	9.999583973870794e-9	2.6454471955677032e-11
4.06	1.9612177387406304e-10	7.817535257756798e-9	1.954093571024298e-11
4.07	1.602173155421267e-10	6.104833044876049e-9	1.4417364552646997e-11
4.08	1.3083012133372058e-10	4.762125746167178e-9	1.0624985959819817e-11
4.09	1.067881507285382e-10	3.7107187087705305e-9	7.821325929416547e-12
4.1	8.712800139073066e-11	2.8883658144299746e-9	5.7510797897891864e-12
4.11	7.10581837378773e-11	2.2458985824162187e-9	4.224183057730889e-12
4.12	5.792878001290046e-11	1.744530599948184e-9	3.099328584670318e-12
4.13	4.720639331712204e-11	1.353705520696262e-9	2.2715964505661366e-12
4.14	3.845347677634045e-11	1.0493818269256255e-9	1.6631844470455608e-12
4.15	3.1311287109277544e-11	8.126678683446863e-10	1.216472294175097e-12
4.16	2.548583531887011e-11	6.287372956828297e-10	8.888396042662628e-13
4.17	2.0736314214400984e-11	4.859685810605347e-10	6.487996902073148e-13
4.18	1.6865571513009866e-11	3.7526332399221167e-10	4.731191473172438e-13
4.19	1.3712271316288795e-11	2.8950695955857374e-10	3.446748252773924e-13
4.2	1.1144448289702755e-11	2.2314272203498516e-10	2.5086157895948787e-13
4.21	9.0542099668747e-12	1.718355522009575e-10	1.8241081801613857e-13
4.22	7.353384997063974e-12	1.3220732559912534e-10	1.3251501633565387e-13
4.23	5.9699503080473415e-12	1.0162854852182598e-10	9.617978083525101e-14
4.24	4.845099284855473e-12	7.805469456601864e-11	6.974493742428211e-14
4.25	3.930837183656512e-12	5.989778175640413e-11	5.053098412265834e-14
4.26	3.188009957520146e-12	4.592573092289835e-11	3.6578411744933845e-14
4.27	2.5846891738711573e-12	3.5183594014720023e-11	2.6455728582677275e-14
4.28	2.0948493411525825e-12	2.693197572920894e-11	1.911824813574312e-14
4.29	1.6972852248422646e-12	2.059895434962946e-11	1.3804337119132223e-14
4.3	1.3747260282774702e-12	1.5742586985029368e-11	9.95927315450703e-15
4.31	1.11311098063166e-12	1.2021702754667783e-11	7.179427367731903e-15
4.32	9.009971942836836e-13	9.173177559274376e-12	5.171391489375851e-15
4.33	7.290758602564919e-13	6.9942717298785275e-12	3.7220805797958205e-15
4.34	5.897771370274187e-13	5.328917808436791e-12	2.676887326004655e-15
4.35	4.76947615283133e-13	4.0570865099523964e-12	1.9237362349458568e-15
4.36	3.855871419721246e-13	3.086548515821879e-12	1.381456286253318e-15
4.37	3.1163417123284187e-13	2.346498929316974e-12	9.913110776133082e-16
4.38	2.517907683512507e-13	1.7826282697913114e-12	7.108351489403825e-16
4.39	2.03380000945088e-13	1.353315610914417e-12	5.093529368793749e-16
4.4	1.6422977111456252e-13	1.0266913008032288e-12	3.6472414398521202e-16
4.41	1.3257822453221887e-13	7.783728482690365e-13	2.6098209771654855e-16
4.42	1.0699675958748474e-13	5.897213922182547e-13	1.866216760575425e-16
4.43	8.632738655212072e-14	4.4650032809923765e-13	1.3335927041138216e-16
4.44	6.963178195512825e-14	3.3784427292704686e-13	9.523544642245884e-17
4.45	5.6149870546296714e-14	2.554672937290277e-13	6.796616772106929e-17
4.46	4.526616580031336e-14	1.930554338886299e-13	4.847413796826765e-17
4.47	3.6482425831446815e-14	1.4580105655834674e-13	3.4550544457866284e-17
4.48	2.9395447970683694e-14	1.1004621326892323e-13	2.4611124772389583e-17
4.49	2.3679042877437027e-14	8.300975234527947e-14	1.7520399726412048e-17
4.5	1.9069406761179916e-14	6.25786824383601e-14	1.246512664816559e-17
4.51	1.5353255331025117e-14	4.7148792815308726e-14	8.863262528615276e-18
4.52	1.235820142362416e-14	3.5503000840243085e-14	6.298524180628007e-18
4.53	9.944954758433107e-15	2.6718569824311766e-14	4.473384592407049e-18
4.54	8.0010009290548e-15	2.009639949915733e-14	3.1753371497543683e-18
4.55	6.435480830572613e-15	1.5107179409783053e-14	2.2527006590653094e-18
4.56	5.175043921898392e-15	1.1350415582706641e-14	1.5972796952941722e-18
4.57	4.160491218213377e-15	8.52327623538568e-15	1.131946892435785e-18
4.58	3.3440584911806586e-15	6.396921198708536e-15	8.017563818530956e-19
4.59	2.6872182860912347e-15	4.798531092332921e-15	5.6758869398668045e-19
4.6	2.1589022398411187e-15	3.597673636677471e-15	4.0160912514772255e-19
4.61	1.734063776676445e-15	2.6959673713511972e-15	2.8402428119535966e-19
4.62	1.3925163656336816e-15	2.0192505206097107e-15	2.0076726873948185e-19
4.63	1.1179947935033595e-15	1.511651777438382e-15	1.4184672944698014e-19
4.64	8.973968690427586e-16	1.1311040394871527e-15	1.0017009728845759e-19
4.65	7.20171059220691e-16	8.45952136878133e-16	7.070539362316335e-20
4.66	5.778221177134765e-16	6.323894223163172e-16	4.988453739828748e-20
4.67	4.635120856592207e-16	4.725219441101247e-16	3.5178841676986155e-20
4.68	3.717383575710219e-16	3.5290746603316236e-16	2.4797190515978598e-20
4.69	2.9807400066886865e-16	2.634535096613543e-16	1.747156887542843e-20
4.7	2.3895834770957194e-16	1.9658669670672994e-16	1.2304752697717502e-20
4.71	1.9152817685881056e-16	1.4662698808105552e-16	8.662205076792748e-21
4.72	1.5348164898406214e-16	1.0931656430688967e-16	6.095391414892448e-21
4.73	1.229686755812752e-16	8.146534443029822e-17	4.287412142054819e-21
4.74	9.850260647473512e-17	6.0684426669404e-17	3.0144788994668256e-21
4.75	7.88891099062738e-17	4.518575925152406e-17	2.118631763308294e-21
4.76	6.31689128421539e-17	3.3631668732294497e-17	1.4884276012170604e-21
4.77	5.0571712111364995e-17	2.502189864199884e-17	1.0452777305959894e-21
4.78	4.047908640445301e-17	1.8608853126736846e-17	7.337871868744312e-22
4.79	3.2394658757831e-17	1.3834036923183823e-17	5.149269743331363e-22
4.8	2.5920098005770942e-17	1.028041558806841e-17	3.612109094061058e-22
4.81	2.0735821255356806e-17	7.636726560853506e-18	2.532901666298981e-22
4.82	1.6585480241448613e-17	5.670756595752567e-18	1.7754995632106005e-22
4.83	1.3263492576973736e-17	4.209342808376792e-18	1.2441422753901125e-22
4.84	1.0605022623285135e-17	3.1234128765697415e-18	8.715036026833377e-23
4.85	8.477932594251313e-18	2.3168000768188207e-18	6.102676762404286e-23
4.86	6.776317935857465e-18	1.7178846682513103e-18	4.271947683321909e-23
4.87	5.415316322880742e-18	1.273350383804302e-18	2.989428376628361e-23
4.88	4.326940286697553e-18	9.435229868635642e-19	2.0912661017012375e-23
4.89	3.4567323617813857e-18	6.988916143109826e-19	1.4624854917178922e-23
4.9	2.7610809970773176e-18	5.175139613189189e-19	1.0224383274534575e-23
4.91	2.2050671662906885e-18	3.8308160162358197e-19	7.145754350920626e-24
4.92	1.7607371166000065e-18	2.8347813018649368e-19	4.992597193021157e-24
4.93	1.40571721935527e-18	2.097050528552735e-19	3.487181044328451e-24
4.94	1.1221033976994168e-18	1.5508196721945756e-19	2.4349720426914558e-24
4.95	8.955708859657899e-19	1.1465123853543438e-19	1.6997573796325624e-24
4.96	7.146607539637194e-19	8.47350685472365e-20	1.1861927899091557e-24
4.97	5.702082134688101e-19	6.260608091996955e-20	8.275626677667045e-25
4.98	4.548846233809625e-19	4.624242857451762e-20	5.771990537487075e-25
4.99	3.628306535589648e-19	3.4145807711896346e-20	4.024678990948907e-25
5.0	2.8936252060124697e-19	2.5206271844950546e-20	2.8055601082898893e-25
5.01	2.307367854231305e-19	1.8601849022459664e-20	1.9552052579270628e-25
5.02	1.83962074309837e-19	1.3724030335698127e-20	1.362232742847995e-25
5.03	1.4664839054901453e-19	1.0122482520412744e-20	9.488513202184548e-26
5.04	1.168865340638322e-19	7.4640398226572e-21	6.607460951648154e-26
5.05	9.315163119134159e-20	5.5022981240137595e-21	4.600047414943708e-26
5.06	7.422596785645117e-20	4.0550781920453156e-21	3.201716932955036e-26
5.07	5.913727473919194e-20	2.9877273288505847e-21	2.227912441679536e-26
5.08	4.710937912288281e-20	2.200751166103562e-21	1.549920731371228e-26
5.09	3.7522752306453495e-20	1.6206558326290534e-21	1.0779997041807135e-26
5.1	2.988297377945371e-20	1.193169451141079e-21	7.495958388801005e-27
5.11	2.3795527897796778e-20	8.782264313187742e-22	5.211186675150389e-27
5.12	1.8945664916398893e-20	6.462573338954852e-22	3.622001136024811e-27
5.13	1.5082311468243374e-20	4.754453459159163e-22	2.5168918420216762e-27
5.14	1.200521839724446e-20	3.496981713202565e-22	1.748582217451073e-27
5.15	9.554696259779608e-21	2.5714924595624374e-22	1.2145477440536368e-27
5.16	7.603418833186438e-21	1.8905046453207688e-22	8.43435030509848e-28
5.17	6.049879046277583e-21	1.389543948932199e-22	5.855967367462004e-28
5.18	4.813165038954962e-21	1.0211047448086919e-22	4.0649674801827685e-28
5.19	3.828790703622976e-21	7.501932839730604e-23	2.8211640721503747e-28
5.2	3.0453683772958374e-21	5.510389541426469e-23	1.9575545091700913e-28
5.21	2.421953998184763e-21	4.046681668274018e-23	1.3580477082533977e-28
5.22	1.9259291438223897e-21	2.971151062278414e-23	9.419616214282167e-29
5.23	1.531311635396681e-21	2.181025245323159e-23	6.532354832459723e-29
5.24	1.2174081911947846e-21	1.6006936312615126e-23	4.5292474074604633e-29
5.25	9.67740034900445e-22	1.1745420852133001e-23	3.139809973522753e-29
5.26	7.691862877664679e-22	8.616741114496642e-24	2.176221194934173e-29
5.27	6.113010984121781e-22	6.320229355829654e-24	1.508086834584003e-29
5.28	4.857693511686856e-22	4.634887296949712e-24	1.0448996354833316e-29
5.29	3.8597289236768026e-22	3.398312062914009e-24	7.238506696924809e-30
5.3	3.0664488280839553e-22	2.4911865407856493e-24	5.013612890603279e-30
5.31	2.4359441102745837e-22	1.8258677024765947e-24	3.472012304334283e-30
5.32	1.9348711558977215e-22	1.3379921422499337e-24	2.4040392858556535e-30
5.33	1.536704490273779e-22	9.80302546378519e-25	1.664304949047779e-30
5.34	1.2203451805314639e-22	7.181085582263111e-25	1.1520105687707714e-30
5.35	9.690127157611473e-23	5.259501108515214e-25	7.972846372835893e-31
5.36	7.693627358688613e-23	3.851452345480989e-25	5.517023637434586e-31
5.37	6.10784670608094e-23	2.8198828639726965e-25	3.81708592636045e-31
5.38	4.848426747261366e-23	2.0642637366851416e-25	2.640558427555966e-31
5.39	3.84830681137422e-23	1.5108726749763003e-25	1.8264066266701921e-31
5.4	3.054183231193702e-23	1.10565616745809e-25	1.2631010397031772e-31
5.41	2.423692033899516e-23	8.089893713681233e-26	8.73411083763515e-32
5.42	1.9231675579063298e-23	5.918299935554799e-26	6.0386566820489e-32
5.43	1.5258594829453972e-23	4.328959024226618e-26	4.174495946819633e-32
5.44	1.2105146911234272e-23	3.165943972513238e-26	2.88543188578138e-32
5.45	9.602494439472074e-24	2.315032540143407e-26	1.9941677410902034e-32
5.46	7.616525505111254e-24	1.692567357048916e-26	1.378026615853951e-32
5.47	6.040723018676646e-24	1.2372875736696813e-26	9.52137239129859e-33
5.48	4.790495834446631e-24	9.043405358771475e-27	6.577918278848123e-33
5.49	3.798672515492436e-24	6.608924826135001e-27	4.5438638342411656e-33
5.5	3.0119197040984142e-24	4.8291188048103205e-27	3.1384193644971626e-33
5.51	2.3878957085679893e-24	3.5281254250736504e-27	2.1674364690317278e-33
5.52	1.8929886410012727e-24	2.5772702640879548e-27	1.4966918762272021e-33
5.53	1.5005192613696443e-24	1.882419848823492e-27	1.033403484592948e-33
5.54	1.1893132107927032e-24	1.3747203407982975e-27	7.134438415269378e-34
5.55	9.42566833831991e-25	1.003816425074858e-27	4.9249616968318e-34
5.56	7.469463175121528e-25	7.328870306891369e-28	3.399381738042718e-34
5.57	5.918722274266046e-25	5.3501170863796e-28	2.346128745822041e-34
5.58	4.6895134676430165e-25	3.9051142382436926e-28	1.619046639125537e-34
5.59	3.7152553847188883e-25	2.8500277008332374e-28	1.1171802951998519e-34
5.6	2.943135649261465e-25	2.0797443493080163e-28	7.708046379098375e-35
5.61	2.33126740533326e-25	1.51745905615687e-28	5.317692890774029e-35
5.62	1.8464322095748313e-25	1.1070589693244687e-28	3.668265671456383e-35
5.63	1.4622885542531465e-25	8.075544472518501e-29	2.53021600830138e-35
5.64	1.1579501065699156e-25	5.890072458727265e-29	1.745076094687364e-35
5.65	9.168574763450185e-26	4.2955386332149694e-29	1.2034601770819415e-35
5.66	7.258830002264487e-26	3.132298085395729e-29	8.298703616719228e-36
5.67	5.746204863557286e-26	2.283795217263268e-29	5.72203486850719e-36
5.68	4.548217593546732e-26	1.6649447078008222e-29	3.945053815794774e-36
5.69	3.5994970681021296e-26	1.2136424496171223e-29	2.7196807605442745e-36
5.7	2.848237727585335e-26	8.845641634551511e-30	1.8747602758560597e-36
5.71	2.253388030669559e-26	6.446358203204797e-30	1.2922199657030177e-36
5.72	1.7824208606529498e-26	4.697256258136551e-30	8.906147107265375e-37
5.73	1.4095655912760768e-26	3.422284537326928e-30	6.1376972137922455e-37
5.74	1.1144063493185392e-26	2.4930219464498234e-30	4.229433356717773e-37
5.75	8.807707237258898e-27	1.8158024879245825e-30	2.9141926471572727e-37
5.76	6.958488189255705e-27	1.3223173711292102e-30	2.007755510955668e-37
5.77	5.4949497014977114e-27	9.627560940750585e-31	1.3831061236437423e-37
5.78	4.336742958021318e-27	7.008011885405602e-31	9.52676987049962e-38
5.79	3.420240842798742e-27	5.099761193964544e-31	6.561021947005381e-38
5.8	2.695062196452946e-27	3.709808446353527e-31	4.51771069019611e-38
5.81	2.121317752544002e-27	2.6974817265288266e-31	3.110033750115423e-38
5.82	1.667428114312231e-27	1.9602609334215898e-31	2.140327832831302e-38
5.83	1.3083951257176341e-27	1.4234387088528955e-31	1.472374700874298e-38
5.84	1.024432574385888e-27	1.0325810338424391e-31	1.0123078151679524e-38
5.85	7.998816625806492e-28	7.480300340319217e-32	6.954497200573632e-39
5.86	6.223521465125173e-28	5.408962973595722e-32	4.7723873647397186e-39
5.87	4.820423083569713e-28	3.901374688186935e-32	3.269750381396009e-39
5.88	3.7120065139668833e-28	2.8042897031586224e-32	2.235104014589879e-39
5.89	2.836999222455571e-28	2.0061229821516622e-32	1.5227781752499938e-39
5.9	2.1470018227057374e-28	1.4256443796965508e-32	1.0324467196349784e-39
5.91	1.603825042195613e-28	1.0037431798978615e-32	6.950251237348975e-40
5.92	1.1773872259609648e-28	6.974314891515049e-33	4.629559489869422e-40
5.93	8.440572634226516e-29	4.754805975458807e-33	3.0351891502413237e-40
5.94	5.853521591868137e-29	3.1524912812446124e-33	1.942264429545318e-40
5.95	3.86917860604825e-29	2.003820863396528e-33	1.196580390400488e-40
5.96	2.3773745744828825e-29	1.1914789143470442e-33	6.928878542116735e-41
5.97	1.2952332585609353e-29	6.3244964023068235e-34	3.600675741791768e-41
5.98	5.625987840468709e-30	2.6956951360423047e-34	1.511094289435633e-41
5.99	1.3871855248621118e-30	6.570980352234217e-35	3.648757693774581e-42
6.0	0.0	0.0	0.0
